1 8.000000 
2 235.000000 
3 237.000000 
4 241.000000 
5 241.000000 
6 241.000000 
7 241.000000 
8 241.000000 
9 241.000000 
10 241.000000 
11 241.000000 
12 241.000000 
13 241.000000 
14 241.000000 
15 241.000000 
16 241.000000 
17 241.000000 
18 241.000000 
19 241.000000 
20 241.000000 
21 241.000000 
22 241.000000 
23 241.000000 
24 241.000000 
25 241.000000 
26 241.000000 
27 241.000000 
28 241.000000 
29 241.000000 
30 241.000000 
31 241.000000 
32 241.000000 
33 241.000000 
34 241.000000 
35 241.000000 
36 241.000000 
37 241.000000 
38 241.000000 
39 241.000000 
40 241.000000 
41 241.000000 
42 241.000000 
43 241.000000 
44 241.000000 
45 241.000000 
46 241.000000 
47 241.000000 
48 241.000000 
49 241.000000 
50 241.000000 
51 241.000000 
52 241.000000 
53 241.000000 
54 241.000000 
55 241.000000 
56 241.000000 
57 241.000000 
58 241.000000 
59 241.000000 
60 241.000000 
61 241.000000 
62 241.000000 
63 241.000000 
64 241.000000 
65 241.000000 
66 241.000000 
67 241.000000 
68 241.000000 
69 241.000000 
70 241.000000 
71 241.000000 
72 241.000000 
73 241.000000 
74 241.000000 
75 241.000000 
76 241.000000 
77 241.000000 
78 241.000000 
79 241.000000 
80 241.000000 
81 241.000000 
82 241.000000 
83 241.000000 
84 241.000000 
85 241.000000 
86 241.000000 
87 241.000000 
88 241.000000 
89 241.000000 
90 241.000000 
91 241.000000 
92 241.000000 
93 241.000000 
94 241.000000 
95 241.000000 
96 241.000000 
97 241.000000 
98 241.000000 
99 241.000000 
100 241.000000 
